# This file may be used to create an environment using:
# $ conda create --name <env> --file <this file>
# platform: win-64
# created-by: conda 25.5.1
annotated-types=0.6.0=py313haa95532_0
anyio=4.7.0=py313haa95532_0
bzip2=1.0.8=h2bbff1b_6
ca-certificates=2025.7.15=haa95532_0
certifi=2025.8.3=py313haa95532_0
click=8.1.8=py313haa95532_0
colorama=0.4.6=py313haa95532_0
distro=1.9.0=py313haa95532_0
expat=2.7.1=h8ddb27b_0
fastapi=0.112.2=py313haa95532_0
h11=0.16.0=py313haa95532_0
httpcore=1.0.9=py313haa95532_0
httpx=0.28.1=py313haa95532_0
idna=3.7=py313haa95532_0
jiter=0.6.1=py313hefb1915_0
libffi=3.4.4=hd77b12b_1
libmpdec=4.0.0=h827c3e9_0
neo4j=5.28.1=hd3eb1b0_0
neo4j-python-driver=5.28.1=py313haa95532_0
openai=1.77.0=py313haa95532_0
openssl=3.0.17=h35632f6_0
pip=25.1=pyhc872135_2
pydantic=2.11.7=py313haa95532_0
pydantic-core=2.33.2=py313h215eeae_0
python=3.13.5=h286a616_100_cp313
python-dotenv=1.1.0=py313haa95532_0
python_abi=3.13=0_cp313
pytz=2025.2=py313haa95532_0
setuptools=78.1.1=py313haa95532_0
sniffio=1.3.0=py313haa95532_0
sqlite=3.50.2=hda9a48d_1
starlette=0.38.2=py313haa95532_0
tk=8.6.14=h5e9d12e_1
tqdm=4.67.1=py313h4442805_0
typing-extensions=4.12.2=py313haa95532_0
typing-inspection=0.4.0=py313haa95532_0
typing_extensions=4.12.2=py313haa95532_0
tzdata=2025b=h04d1e81_0
ucrt=10.0.22621.0=haa95532_0
uvicorn=0.35.0=py313haa95532_0
vc=14.3=h2df5915_10
vc14_runtime=14.44.35208=h4927774_10
vs2015_runtime=14.44.35208=ha6b5a95_10
websockets=15.0.1=py313h827c3e9_0
wheel=0.45.1=py313haa95532_0
xz=5.6.4=h4754444_1
zlib=1.2.13=h8cc25b3_1
